123234524
123234524
123234524
123234524
123234525
123234526
123234527
123234530
123234530
123234532
123234533
123234533
123234533
123234535
123234537
123234537
123234537
123234538
123234540
123234541
123234541
123234542
123234542
123234544
123234544
123234544
123234546
123234547
123234547
123234547
123234547
123234548
123234548
123234549
123234549
123234550
123234551
123234551
123234552
123234554
123234554
123234554
123234555
123234555
123234557
123234558
123234561
123234561
123234562
123234562
123234564
123234564
123234565
123234566
123234569
123234569
123234570
123234571
123234572
123234575
123234576
123234579
123234581
123234582
123234582
123234583
123234583
123234583
123234584
123234586
123234586
123234587
123234589
123234591
123234591
123234591
123234591
123234592
123234592
123234592
123234592
123234592
123234596
123234596
123234597
123234598
123234598
123234598
123234601
123234601
123234601
123234602
123234602
123234602
123234603
123234603
123234604
123234605
123234613
123234613
123234617
123234618
123234620
123234621
123234622
123234624
123234625
123234626
123234626
123234626
123234627
123234628
123234629
123234629
123234630
123234631
123234631
123234633
123234634
123234634
123234636
123234636
123234637
123234638
123234638
123234639
123234641
123234642
123234642
123234646
123234647
123234647
123234649
123234650
123234651
123234652
123234653
123234654
123234654
123234655
123234656
123234656
123234657
123234658
123234659
123234659
123234661
123234661
123234663
123234664
123234664
123234664
123234666
123234667
123234667
123234670
123234671
123234672
123234673
123234674
123234674
123234675
123234677
123234677
123234677
123234678
123234679
123234680
123234680
123234680
123234683
123234683
123234683
123234684
123234685
123234686
123234688
123234688
123234688
123234688
123234688
123234690
123234690
123234691
123234691
123234691
123234691
123234692
123234694
123234694
123234695
123234695
123234696
123234696
123234696
123234696
123234696
123234700
123234700
123234700
123234701
123234701
123234701
123234702
123234703
123234705
123234705
123234706
123234710
123234713
123234713
123234715
123234715
123234716
123234716
123234721
123234722
123234722
123234723
123234723
123234723
123234723
123234727
123234729
123234729
123234731
123234732
123234733
123234734
123234736
123234736
123234738
123234739
123234740
123234742
123234744
123234744
123234745
123234745
123234745
123234748
123234749
123234749
123234750
123234753
123234754
123234756
123234756
123234756
123234757
123234758
123234759
123234759
123234760
123234763
123234764
123234767
123234768
123234768
123234771
123234771
123234773
123234773
123234774
123234775
123234776
123234778
123234779
123234780
123234782
123234782
123234783
123234784
123234785
123234787
123234788
123234789
123234790
123234792
123234793
123234795
123234796
123234799
123234800
123234800
123234803
123234805
123234806
123234807
123234808
123234811
123234812
123234812
123234814
123234814
123234814
123234815
123234816
123234816
123234817
123234820
123234821
123234827
123234828
123234829
123234829
123234829
123234829
123234830
123234832
123234833
123234833
123234833
123234833
123234835
123234835
123234838
123234838
123234839
123234840
123234841
123234841
123234841
123234843
123234845
123234846
123234847
123234848
123234849
123234851
123234856
123234857
123234860
123234860
123234861
123234863
123234863
123234864
123234865
123234865
123234868
123234870
123234871
123234874
123234874
123234875
123234876
123234877
123234877
123234878
123234880
123234881
123234881
123234882
123234883
123234884
123234886
123234887
123234889
123234891
123234892
123234893
123234894
123234894
123234896
123234896
123234897
123234899
123234900
123234901
123234902
123234905
123234906
123234906
123234906
123234907
123234909
123234912
123234913
123234915
123234915
123234915
123234916
123234916
123234917
123234919
123234919
123234924
123234924
123234925
123234926
123234926
123234928
123234929
123234930
123234930
123234930
123234931
123234931
123234933
123234934
123234935
123234935
123234936
123234936
123234938
123234939
123234939
123234940
123234940
123234940
123234941
123234941
123234943
123234943
123234944
123234945
123234946
123234948
123234949
123234950
123234950
123234951
123234951
123234953
123234955
123234956
123234957
123234958
123234958
123234960
123234960
123234960
123234961
123234961
123234962
123234962
123234962
123234964
123234964
123234966
123234966
123234967
123234967
123234968
123234969
123234969
123234970
123234973
123234973
123234974
123234974
123234974
123234975
123234976
123234976
123234977
123234977
123234979
123234979
123234979
123234981
123234982
123234983
123234983
123234983
123234986
123234987
123234987
123234987
123234988
123234988
123234988
123234989
123234989
123234990
123234990
123234991
123234991
123234992
123234992
123234994
123234995
123234997
123234997
123234999
123234999
123234999
123235000
123235002
123235003
123235003
123235004
123235005
123235006
123235006
123235008
123235008
123235009
123235009
123235010
123235011
123235011
123235012
123235014
123235014
123235015
123235016
123235016
123235016
123235016
123235017
123235017
123235017
123235020
123235020
123235020
123235022
123235022
123235024
123235024
123235025
123235026
123235026
123235027
123235028
123235028
123235029
123235030
123235031
123235031
123235031
123235033
123235033
123235034
123235037
123235037
123235037
123235038
123235041
123235042
123235043
123235044
123235044
123235046
123235050
123235051
123235051
123235052
123235052
123235054
123235054
123235055
123235055
123235055
123235057
123235059
123235059
123235060
123235060
123235061
123235063
123235064
123235064
123235065
123235065
123235065
123235065
123235066
123235066
123235066
123235066
123235067
123235069
123235069
123235071
123235073
123235074
123235074
123235074
123235075
123235076
123235077
123235080
123235080
123235080
123235080
123235080
123235081
123235081
123235086
123235086
123235086
123235087
123235087
123235088
123235090
123235090
123235090
123235095
123235095
123235095
123235095
123235096
123235096
123235097
123235098
123235098
123235098
123235101
123235101
123235103
123235103
123235104
123235109
123235110
123235111
123235111
123235112
123235112
123235113
123235113
123235115
123235115
123235119
123235120
123235120
123235120
123235122
123235122
123235123
123235124
123235124
123235125
123235126
123235126
123235127
123235127
123235128
123235129
123235130
123235131
123235131
123235132
123235132
123235132
123235133
123235134
123235136
123235136
123235137
123235137
123235140
123235140
123235142
123235143
123235144
123235146
123235148
123235149
123235149
123235149
123235151
123235151
123235152
123235153
123235153
123235155
123235156
123235158
123235159
123235161
123235161
123235165
123235168
123235169
123235169
123235170
123235172
123235172
123235173
123235173
123235173
123235174
123235175
123235176
123235176
123235179
123235180
123235180
123235180
123235182
123235182
123235183
123235183
123235183
123235184
123235188
123235188
123235188
123235189
123235190
123235190
123235192
123235193
123235195
123235195
123235196
123235197
123235197
123235197
123235200
123235202
123235204
123235206
123235206
123235207
123235208
123235208
123235208
123235208
123235209
123235210
123235210
123235211
123235212
123235212
123235212
123235214
123235215
123235215
123235216
123235217
123235220
123235220
123235221
123235221
123235222
123235224
123235224
123235225
123235229
123235230
123235234
123235235
123235238
123235239
123235240
123235241
123235242
123235242
123235245
123235246
123235249
123235250
123235251
123235255
123235255
123235261
123235263
123235265
123235266
123235266
123235267
123235269
123235269
123235270
123235271
123235271
123235271
123235273
123235273
123235274
123235276
123235279
123235279
123235280
123235280
123235281
123235281
123235282
123235282
123235285
123235285
123235287
123235289
123235289
123235290
123235291
123235292
123235293
123235293
123235294
123235294
123235294
123235295
123235295
123235296
123235298
123235300
123235301
123235302
123235303
123235304
123235305
123235305
123235306
123235306
123235310
123235313
123235314
123235315
123235317
123235319
123235320
123235322
123235323
123235324
123235326
123235327
123235327
123235328
123235329
123235329
123235330
123235331
123235332
123235334
123235337
123235340
123235342
123235342
123235342
123235349
123235350
123235350
123235351
123235353
123235353
123235354
123235354
123235355
123235357
123235357
123235357
123235357
123235358
123235362
123235362
123235363
123235363
123235364
123235364
123235364
123235365
123235367
123235368
123235369
123235369
123235370
123235371
123235371
123235372
123235372
123235374
123235374
123235374
123235376
123235376
123235377
123235377
123235380
123235380
123235381
123235384
123235384
123235385
123235386
123235387
123235390
123235391
123235391
123235395
123235396
123235397
123235398
123235399
123235399
123235401
123235401
123235402
123235404
123235406
123235407
123235408
123235409
123235411
123235412
123235413
123235414
123235415
123235415
123235416
123235420
123235421
123235421
123235422
123235422
123235424
123235424
123235425
123235427
123235429
123235430
123235431
123235432
123235432
123235432
123235432
123235433
123235433
123235433
123235435
123235435
123235437
123235439
123235439
123235440
123235440
123235441
123235442
123235442
123235444
123235444
123235445
123235446
123235446
123235447
123235448
123235448
123235448
123235451
123235451
123235452
123235452
123235453
123235454
123235455
123235455
123235455
123235456
123235458
123235458
123235459
123235460
123235460
123235461
123235463
123235463
123235463
123235464
123235465
123235465
123235466
123235466
123235468
123235469
123235470
123235470
123235473
123235477
123235477
123235478
123235479
123235480
123235480
123235481
123235486
123235486
123235487
123235487
123235487
123235495
123235496
123235496
123235496
123235497
123235498
123235499
123235499
123235500
123235500
123235501
123235502
123235503
123235503
123235503
123235504
123235505
123235506
123235510
123235511
123235511
123235512
123235512
123235513
123235514
123235515
123235515
123235515
123235516
123235517
123235518
123235519
123235520
123235521
123235522
123235522
123235522
123235526
123235527
123235528
123235529
123235530
123235532
123235532
123235535
123235536
123235536
123235537
123235538
123235538
123235538
123235540
123235544
123235545
123235548
123235548
123235549
123235550
123235551
123235551
123235552
123235552
123235553
123235556
123235557
123235559
123235559
123235563
123235564
123235564
123235565
123235566
123235566
123235569
123235570
123235570
123235571
123235572
123235573
123235575
123235575
123235577
123235578
123235582
123235582
123235583
123235583
123235584
123235584
123235586
123235586
123235587
123235588
123235588
123235590
123235593
123235593
123235594
123235596
123235596
123235596
123235596
123235598
123235599
123235600
123235600
123235602
123235603
123235604
123235605
123235605
123235605
123235606
123235607
123235610
123235610
123235610
123235610
123235613
123235614
123235617
123235617
123235618
123235619
123235619
123235622
123235622
123235624
123235625
123235625
123235626
123235627
123235627
123235628
123235629
123235631
123235632
123235632
123235634
123235634
123235634
123235637
123235639
123235642
123235644
123235645
123235645
123235646
123235647
123235647
123235649
123235651
123235652
123235653
123235653
123235653
123235654
123235655
123235656
123235657
123235657
123235657
123235657
123235658
123235659
123235660
123235664
123235666
123235669
123235669
123235670
123235675
123235678
123235680
123235681
123235681
123235681
123235682
123235683
123235684
123235684
123235686
123235686
123235687
123235688
123235690
123235690
123235691
123235691
123235692
123235694
123235695
123235695
123235695
123235697
123235697
123235698
123235698
123235700
123235702
123235707
123235707
123235708
123235709
123235709
123235709
123235709
123235710
123235712
123235713
123235715
123235716
123235716
123235717
123235718
123235719
123235719
123235720
123235720
123235721
123235725
123235725
123235731
123235732
123235733
123235733
123235734
123235735
123235735
123235735
123235736
123235737
123235738
123235739
123235744
123235746
123235746
123235747
123235748
123235749
123235753
123235753
123235754
123235755
123235755
123235755
123235756
123235756
123235756
123235756
123235757
123235757
123235758
123235760
123235762
123235765
123235766
123235766
123235767
123235767
123235767
123235767
123235767
123235768
123235769
123235769
123235770
123235771
123235772
123235774
123235774
123235775
123235778
123235778
123235779
123235779
123235779
123235780
123235780
123235781
123235782
123235786
123235786
123235786
123235787
123235792
123235793
123235793
123235795
123235795
123235795
123235795
123235799
123235800
123235800
123235801
123235801
123235802
123235802
123235804
123235806
123235807
123235807
123235808
123235809
123235809
123235811
123235816
123235817
123235818
123235818
123235819
123235820
123235820
123235821
123235822
123235822
123235823
123235823
123235826
123235827
123235828
123235828
123235829
123235829
123235829
123235829
123235830
123235831
123235831
123235831
123235832
123235833
123235834
123235834
123235837
123235837
123235838
123235839
123235841
123235841
123235843
123235846
123235846
123235848
123235848
123235848
123235849
123235849
123235849
123235849
123235851
123235852
123235852
123235858
123235858
123235860
123235861
123235863
123235864
123235865
123235865
123235866
123235868
123235868
123235868
123235869
123235870
123235874
123235875
123235875
123235877
123235878
123235878
123235879
123235879
123235882
123235882
123235883
123235883
123235884
123235884
123235884
123235886
123235887
123235890
123235891
123235894
123235895
123235896
123235897
123235898
123235900
123235900
123235900
123235902
123235903
123235905
123235906
123235906
123235907
123235907
123235908
123235910
123235913
123235913
123235914
123235915
123235915
123235915
123235917
123235919
123235920
123235922
123235923
123235924
123235926
123235927
123235928
123235932
123235933
123235934
123235935
123235935
123235936
123235936
123235936
123235938
123235941
123235942
123235942
123235944
123235945
123235945
123235946
123235947
123235947
123235947
123235948
123235949
123235950
123235950
123235950
123235951
123235951
123235953
123235955
123235956
123235956
123235956
123235957
123235958
123235958
123235959
123235960
123235960
123235962
123235962
123235962
123235962
123235963
123235963
123235965
123235968
123235969
123235971
123235974
123235975
123235978
123235978
123235979
123235979
123235980
123235980
123235981
123235983
123235983
123235983
123235987
123235989
123235989
123235990
123235990
123235990
123235991
123235991
123235991
123235992
123235993
123235996
123235996
123235996
123235998
123236000
123236000
123236001
123236002
123236002
123236003
123236004
123236004
123236004
123236004
123236005
123236005
123236006
123236007
123236008
123236009
123236011
123236012
123236013
123236017
123236017
123236017
123236018
123236018
123236018
123236019
123236019
123236019
123236019
123236020
123236022
123236022
123236023
123236023
123236024
123236024
123236024
123236024
123236025
123236025
123236025
123236029
123236029
123236030
123236032
123236034
123236036
123236037
123236039
123236040
123236041
123236041
123236041
123236042
123236042
123236043
123236043
123236043
123236045
123236046
123236047
123236049
123236049
123236051
123236051
123236052
123236052
123236052
123236054
123236056
123236058
123236058
123236060
123236063
123236064
123236065
123236065
123236066
123236066
123236066
123236067
123236067
123236069
123236069
123236070
123236071
123236071
123236072
123236073
123236073
123236073
123236073
123236073
123236073
123236075
123236078
123236078
123236078
123236079
123236079
123236081
123236081
123236082
123236083
123236088
123236095
123236096
123236097
123236098
123236099
123236099
123236099
123236100
123236101
123236101
123236101
123236102
123236103
123236104
123236104
123236105
123236106
123236107
123236107
123236107
123236108
123236108
123236108
123236108
123236112
123236112
123236114
123236115
123236115
123236115
123236118
123236120
123236121
123236122
123236122
123236123
123236123
123236124
123236124
123236126
123236127
123236127
123236129
123236129
123236129
123236132
123236132
123236133
123236133
123236133
123236134
123236136
123236137
123236137
123236141
123236142
123236143
123236144
123236145
123236145
123236146
123236149
123236150
123236150
123236151
123236153
123236153
123236153
123236153
123236153
123236155
123236156
123236157
123236158
123236158
123236159
123236161
123236161
123236161
123236162
123236163
123236164
123236166
123236169
123236169
123236174
123236174
123236175
123236175
123236176
123236176
123236177
123236177
123236177
123236177
123236178
123236178
123236178
123236181
123236183
123236185
123236185
123236185
123236186
123236186
123236188
123236188
123236189
123236189
123236189
123236190
123236192
123236192
123236193
123236194
123236195
123236195
123236196
123236196
123236196
123236197
123236197
123236198
123236201
123236202
123236204
123236204
123236207
123236207
123236210
123236212
123236213
123236213
123236215
123236216
123236216
123236217
123236217
123236219
123236219
123236220
123236221
123236224
123236225
123236226
123236227
123236228
123236229
123236229
123236231
123236231
123236232
123236234
123236234
123236235
123236236
123236236
123236236
123236238
123236239
123236240
123236241
123236241
123236242
123236243
123236244
123236244
123236248
123236248
123236249
123236249
123236249
123236250
123236251
123236252
123236253
123236254
123236255
123236257
123236260
123236264
123236264
123236267
123236267
123236267
123236269
123236269
123236269
123236270
123236270
123236271
123236273
123236274
123236274
123236275
123236275
123236275
123236277
123236279
123236280
123236280
123236282
123236283
123236283
123236283
123236284
123236287
123236287
123236287
123236289
123236290
123236292
123236294
123236295
123236296
123236297
123236297
123236298
123236298
123236299
123236300
123236300
123236300
123236300
123236300
123236301
123236303
123236303
123236303
123236305
123236306
123236307
123236307
123236308
123236308
123236308
123236308
123236309
123236309
123236311
123236312
123236313
123236315
123236316
123236316
123236316
123236316
123236316
123236317
123236318
123236318
123236319
123236320
123236320
123236321
123236322
123236322
123236322
123236323
123236325
123236325
123236327
123236328
123236330
123236331
123236331
123236332
123236333
123236334
123236335
123236337
123236338
123236338
123236339
123236340
123236341
123236341
123236343
123236343
123236343
123236344
123236346
123236348
123236348
123236348
123236352
123236353
123236353
123236356
123236358
123236358
123236358
123236361
123236361
123236362
123236363
123236364
123236365
123236366
123236367
123236367
123236370
123236370
123236370
123236371
123236371
123236372
123236372
123236373
123236373
123236374
123236374
123236374
123236375
123236377
123236378
123236378
123236379
123236380
123236380
123236380
123236381
123236381
123236383
123236384
123236385
123236389
123236389
123236391
123236391
123236392
123236398
123236398
123236398
123236400
123236400
123236401
123236403
123236403
123236407
123236407
123236410
123236411
123236412
123236412
123236414
123236415
123236416
123236417
123236418
123236418
123236422
123236423
123236425
123236427
123236427
123236428
123236429
123236430
123236430
123236431
123236432
123236434
123236437
123236439
123236441
123236441
123236443
123236446
123236446
123236446
123236446
123236447
123236447
123236448
123236454
123236454
123236454
123236455
123236457
123236459
123236459
123236463
123236465
123236467
123236467
123236468
123236469
123236470
123236471
123236473
123236476
123236478
123236483
123236484
123236486
123236486
123236487
123236488
123236489
123236489
123236489
123236489
123236490
123236491
123236491
123236491
123236492
123236492
123236493
123236493
123236493
123236494
123236494
123236496
123236499
123236501
123236502
123236502
123236505
123236506
123236507
123236508
123236511
123236513
123236514
123236514
123236514
123236516
123236516
123236516
123236517
123236518
123236520
123236521
123236521
123236522
123236524
123236525
123236526
123236526
123236528
123236528
123236529
123236530
123236531
123236532
123236532
123236532
123236533
123236533
123236534
123236535
123236535
123236538
123236539
123236539
123236539
123236539
123236540
123236541
123236542
123236542
123236543
123236545
123236545
123236545
123236545
123236546
123236547
123236548
123236548
123236549
123236550
123236550
123236551
123236551
123236552
123236554
123236554
123236554
123236554
123236555
123236557
123236557
123236558
123236559
123236561
123236561
123236561
123236563
123236564
123236564
123236565
123236567
123236567
123236567
123236569
123236569
123236572
123236573
123236575
123236575
123236579
123236579
123236580
123236581
123236583
123236583
123236584
123236584
123236586
123236587
123236588
123236589
123236589
123236592
123236593
123236593
123236593
123236594
123236594
123236597
123236598
123236601
123236604
123236604
123236605
123236605
123236605
123236606
123236610
123236612
123236613
123236614
123236614
123236615
123236616
123236617
123236618
123236620
123236620
123236621
123236621
123236622
123236623
123236625
123236626
123236626
123236626
123236629
123236630
123236631
123236632
123236632
123236633
123236633
123236634
123236634
123236635
123236637
123236637
123236638
123236638
123236638
123236638
123236639
123236642
123236644
123236645
123236648
123236649
123236649
123236649
123236653
123236654
123236654
123236655
123236657
123236658
123236659
123236659
123236661
123236661
123236664
123236664
123236667
123236667
123236669
123236671
123236674
123236674
123236676
123236680
123236681
123236682
123236684
123236686
123236687
123236690
123236691
123236692
123236692
123236694
123236694
123236696
123236698
123236698
123236698
123236700
123236702
123236702
123236703
123236704
123236705
123236706
123236707
123236709
123236712
123236712
123236713
123236713
123236713
123236715
123236715
123236715
123236716
123236717
123236718
123236718
123236722
123236723
123236725
123236725
123236726
123236728
123236730
123236730
123236733
123236734
123236736
123236738
123236738
123236739
123236740
123236741
123236743
123236745
123236746
123236747
123236747
123236748
123236749
123236749
123236750
123236750
123236752
123236752
123236752
123236752
123236755
123236755
123236759
123236760
123236763
123236763
123236766
123236768
123236768
123236770
123236770
123236770
123236771
123236771
123236771
123236771
123236771
123236776
123236778
123236780
123236780
123236780
123236781
123236782
123236783
123236787
123236789
123236792
123236793
123236794
123236795
123236795
123236797
123236798
123236798
123236798
123236798
123236800
123236800
123236801
123236802
123236803
123236804
123236805
123236805
123236805
123236806
123236808
123236809
123236809
123236812
123236812
123236813
123236815
123236815
123236817
123236819
123236821
123236821
123236822
123236822
123236823
123236824
123236825
123236828
123236828
123236828
123236830
123236833
123236833
123236834
123236834
123236835
123236836
123236838
